0.000000000000000000e+00 0.000000000000000000e+00 0.000000000000000000e+00 0.000000000000000000e+00
0.000000000000000000e+00 0.000000000000000000e+00 0.000000000000000000e+00 0.000000000000000000e+00
0.000000000000000000e+00 0.000000000000000000e+00 0.000000000000000000e+00 0.000000000000000000e+00
8.605000000000000426e-01 8.605000000000000426e-01 8.605000000000000426e-01 8.605000000000000426e-01
5.863000000000000433e-01 5.863000000000000433e-01 5.863000000000000433e-01 5.863000000000000433e-01
2.834999999999999742e-01 2.834999999999999742e-01 2.834999999999999742e-01 2.834999999999999742e-01
2.780000000000000249e-01 2.780000000000000249e-01 2.780000000000000249e-01 2.780000000000000249e-01
4.546000000000000041e-01 4.546000000000000041e-01 4.546000000000000041e-01 4.546000000000000041e-01
2.053999999999999992e-01 2.053999999999999992e-01 2.053999999999999992e-01 2.053999999999999992e-01
2.013999999999999957e-01 2.013999999999999957e-01 2.013999999999999957e-01 2.013999999999999957e-01
5.140000000000000124e-01 5.140000000000000124e-01 5.140000000000000124e-01 5.140000000000000124e-01
8.719999999999999973e-02 8.719999999999999973e-02 8.719999999999999973e-02 8.719999999999999973e-02
4.835999999999999743e-01 4.835999999999999743e-01 4.835999999999999743e-01 4.835999999999999743e-01
3.622000000000000219e-01 3.622000000000000219e-01 3.622000000000000219e-01 3.622000000000000219e-01
0.000000000000000000e+00 0.000000000000000000e+00 0.000000000000000000e+00 0.000000000000000000e+00
6.911000000000000476e-01 6.911000000000000476e-01 6.911000000000000476e-01 6.911000000000000476e-01
0.000000000000000000e+00 0.000000000000000000e+00 0.000000000000000000e+00 0.000000000000000000e+00
0.000000000000000000e+00 0.000000000000000000e+00 0.000000000000000000e+00 0.000000000000000000e+00
