0.000000000000000000e+00 0.000000000000000000e+00 0.000000000000000000e+00 0.000000000000000000e+00
0.000000000000000000e+00 0.000000000000000000e+00 0.000000000000000000e+00 0.000000000000000000e+00
0.000000000000000000e+00 0.000000000000000000e+00 0.000000000000000000e+00 0.000000000000000000e+00
8.605000000000000426e-01 4.302500000000000213e-01 2.151250000000000107e-01 1.075625000000000053e-01
5.863000000000000433e-01 2.931500000000000217e-01 1.465750000000000108e-01 7.328750000000000542e-02
2.834999999999999742e-01 1.417499999999999871e-01 7.087499999999999356e-02 3.543749999999999678e-02
2.780000000000000249e-01 1.390000000000000124e-01 6.950000000000000622e-02 3.475000000000000311e-02
4.546000000000000041e-01 2.273000000000000020e-01 1.136500000000000010e-01 5.682500000000000051e-02
2.053999999999999992e-01 1.026999999999999996e-01 5.134999999999999981e-02 2.567499999999999991e-02
2.013999999999999957e-01 1.006999999999999978e-01 5.034999999999999892e-02 2.517499999999999946e-02
5.140000000000000124e-01 2.570000000000000062e-01 1.285000000000000031e-01 6.425000000000000155e-02
8.719999999999999973e-02 4.359999999999999987e-02 2.179999999999999993e-02 1.089999999999999997e-02
4.835999999999999743e-01 2.417999999999999872e-01 1.208999999999999936e-01 6.044999999999999679e-02
3.622000000000000219e-01 1.811000000000000110e-01 9.055000000000000548e-02 4.527500000000000274e-02
0.000000000000000000e+00 0.000000000000000000e+00 0.000000000000000000e+00 0.000000000000000000e+00
6.911000000000000476e-01 3.455500000000000238e-01 1.727750000000000119e-01 8.638750000000000595e-02
0.000000000000000000e+00 0.000000000000000000e+00 0.000000000000000000e+00 0.000000000000000000e+00
0.000000000000000000e+00 0.000000000000000000e+00 0.000000000000000000e+00 0.000000000000000000e+00
